 37.5518620  -34.876086 
 37.4014762  -35.414004 
 37.2476440  -35.826760
 36.8805427  -36.671093
 36.6676240  -37.265797
 36.4033110  -37.801765
 36.2858386  -38.278997
 36.3372328  -38.873701
 36.6235718  -39.292196
 36.8952267  -39.541825
 37.0861194  -39.864874
 37.0420673  -40.378816
 36.9759890  -41.032257
 36.8805427  -41.406700
 36.6455979  -42.229007
 36.3298908  -42.882447
 35.5369520  -44.424272
 35.1698507  -45.055687
 35.0744044  -45.694443
 34.7880654  -46.377251
 34.3255178  -47.155506
 33.1801618  -48.998354
 33.1350323  -49.122481 
 33.0274281  -49.380731 
 32.9359646  -49.612080 
 32.9213109  -50.049275 
 33.0141154  -50.378309 
 33.6944952  -50.734762 
 33.9469005  -50.896021 
 34.0029906  -51.225551 
 33.8908105  -51.604159 
 33.5542700  -52.277240 
 32.8461328  -53.378007 
 31.9914547  -54.313242 
 31.1118726  -55.266123 
 29.7802830  -56.609929 
 27.8623054  -58.723369 


