169.9	-19.4
158.8	-62.1
152.5	-60
45.6667	12.0833
145.03	20.42
-108.3948	23.6423
-108.6168	23.2336
-33.65	36.3833
68.7666	-21.4
69.1833	-22.9666
-44.861	12.986
38.083	21.367
48.8	-37.9
122	20
139.7333	31.9667
77.825	-37.7217
-176.372	-21.415
-176.364	-21.32
-176.347	-21.27
-176.253	-20.99
-176.239	-20.95
-176.217	-20.87
-176.292	-21.107
63.6666	3.7
63.8333	3.6916
60.95	6.05
94.1666	10.4166
94	10
173.5	-19
144.705	20.81
-91.5667	-38.7167
-91.5833	-39.05
-75.8	-46.3
-75.8333	-46.2
65.733	-19.483
68.2	-8.25
66.75	-9.9
66.5	-10.66
66.7	-10.9
66.5	-11.2
66.4	-11.3
65.7	-12.25
66.1	-12.6
66.1	-14.3
66.5	-14.75
66.8	-17
69.6667	-24
-176.3667	-18.1333
-176.3333	-18.05
-176.2833	-18.1333
-176.3833	-17.8667
-176.3833	-18.5
-113.9083	30.6333
128.75	28.45
38.05	21.283
-27.3333	-59.4167
-175.7	-15.45
-90.53	0.95
-173.6667	-15.0833
152.58	-3.31
-17.99	27.62
-176.3333	-21.1667
14.1667	38.58
-102.46	-0.8
-104.33	10.13
-110.28	-10.5667
-103.78	11.133
-103.7833	11.4833
-103.83	11.7775
-112.667	-14.3
-112.667	-14.583
-112.835	-15.4
-112.77	-15
-113	-16.13
-113.05	-16.4
-113.06	-16.583
-113.068	-16.717
-113.25	-17.7
-113.3	-17.79
-113.3	-17.88
-113.317	-17.94
-113.117	-17
-102.827	-2.084
-113.6843	-20.0333
-114.257	-21.367
-114.301	-21.634
-114.5	-21.9
-114.367	-22.5
-112.917	-27.7
-112.912	-27.867
-112.904	-28.017
-112.983	-28.3
-112.964	-28.417
-112.988	-28.7
-111.72	-29.5
-111.73	-29.8
-111.764	-30.133
-111.764	-30.375
-111.877	-30.75
-111.967	-31.433
-106.4	-5
-107.55	-7
-104.2	8.9
-106.3	18.25
-105.38	17
-105.005	17.67
-103.5	13
-105.4	15.5
-105.3	16.58
-108.0667	22.9333
-30.2	-57.5
-128.9257	48.1993
-81.85	18.35
170.75	-22
177.4167	-16.1667
-91.31	1.941
-174.5417	-16.4917
-174.5017	-17.025
-174.5167	-16.6667
143.47	21.93
7.45	85.0167
84.8333	85.65
-2	83.85
2.1333	84.4333
37	86.35
43	86.5333
55.5	86.9833
69	86.5333
-93.77	2.497
-94.33	2.53
-94.775	2.6
-95.45	2.67
-177.41	-27.2
78.092	-39.44
82.71	-42.477
82.8266	-42.5375
83.0366	-42.66
86.0608	-41.0125
86.155	-41.0716
86.3892	-41.223
87.2615	-41.5883
87.3481	-41.6498
87.4375	-41.7133
87.6266	-41.8333
79.103	-41.252
87.8008	-41.9508
87.8808	-42.005
88.042	-42.113
89.2205	-42.0272
91.0357	-43.0369
92.1335	-43.3115
92.8451	-43.6901
93.4571	-43.9805
94.6039	-44.7237
94.9673	-44.9054
79.753	-41.772
96.0594	-46.624
96.5709	-46.8956
96.8947	-47.1196
97.1566	-47.2383
97.4373	-47.4145
97.8678	-47.6179
98.0631	-47.7009
98.1756	-47.7483
98.8232	-48.0048
81.0625	-41.2025
81.158	-41.242
81.6617	-41.66
81.838	-41.802
81.9816	-41.8833
82.06	-41.9633
170.283	-20.983
-126.782	42.679
-126.8333	42.55
-126.55	42.95
-179.609	-32.606
-177.82	-28.59
157.03	-8.75
157.9667	-8.9833
36.2767	24.7233
179.255	-34.575
8.4417	74.8
8	76.7833
7.58	77.63
-16	68.7581
123.8	-7.98
27.25	36.6667
105.423	-6.102
-179.956	-33.156
168.53	-16.83
51	-37.5
124.7	11.5
-59.25	-62.75
-176.283	-15.333
-44.9667	14.7083
-3.44	81.361
-32.42	37.05
-130.2667	49.725
144.8833	20.53
-43.7035	11.4482
-43.6483	11.038
-44.9	13.3333
-44.9	14.92
-46.42	17.15
-11.9421	-19.3301
-13.3936	-23.7428
-44.5	27
-13.4753	-27.1476
-13.373	-27.7936
-42.5	30.0333
-13.8545	-29.9505
-14.4356	-33.0215
-12.25	-4.0333
-29	43
-13.442	-7.95
-13.467	-8.167
-25	0.5
-45	15.0833
143.473	12.761
-33.18	5.91
-173.8	-14.9833
-173.7916	-14.9333
-173.7833	-15.0416
-13.85	-26.0166
-0.7083	71.9583
-176.721	-22.64
-177.188	-25.887
-61.982	16.46
-174.6667	-15.3333
-174.7961	-15.9629
-174.8443	-15.8311
-174.8248	-15.633
-174.8338	-15.7186
-174.8418	-15.7804
-174.7407	-15.5134
139.95	31.8833
-34.867	35.283
-176.158	-20.4
-176.064	-19.89
-176.042	-19.82
-176.019	-19.75
-175.989	-19.65
-175.975	-19.6
125.375	3.7791
145.725	16.375
49.2166	-37.8666
-174.1788	-15.2179
-44.9	12.91
37.283	23.167
152.5333	-2.8333
179.825	-33.731
140.8783	27.2367
-32.967	36.967
-177.2666	-15.8
-177.4166	-15.9
129.0827	30.3303
128.1028	28.8137
-152	-60
-170	-64.5
-176.825	-16.9233
-177.61	-27.68
-45.6417	20.5083
-14.34	-14.03
-177.4	-26.81
40.0667	17.9667
-25.433	62.45
-29.6833	59.8167
178.517	-35.36
-34.083	36.083
-34.183	35.967
-36.433	34.867
-36.85	34.533
-37.483	34.067
164.75	-10.4
164	-10.5
-114.8	31
167.7883	-12.5433
14.85	38.6333
137	-50.25
138.55	-50.25
138.3	-50.25
136.25	-50.25
135.3	-50.25
133.8	-50.3
132.1	-50.25
131.9	-50.25
134.3	-50.4
-127.52	40.75
-13.0566	71.1348
35.35	26.225
13.8666	38.7833
149.967	-3.438
147.239	-3.076
148.764	-3.666
179.589	-34.058
-29.55	40.467
145.78	16.58
-128.9667	47.64
-45.8666	19.8666
167.6462	-12.2083
173.55	-16.3167
-129.124	47.9
15.213	38.789
48.6	-38.1
38.7333	19.6333
139.8917	31.1
142.762	22.387
51.732	-37.466
53.255	-36.101
63.923	-27.851
22.188	-53.02
11.711	-52.749
12.748	-52.42
13.312	-52.437
13.738	-52.224
15.103	-52.253
15.583	-52.208
18.817	-52.707
58.5	-31.183
58.967	-31.067
59.383	-30.85
63.55	-27.967
64.45	-27.917
65.133	-27.767
50.8527	-37.608
-174.25	-15.33
-14.52	-13.59
-103.5533	10.3333
-58.9833	-62.642
-176.705	-23.575
-176.78	-23.9
-176.8217	-24.1883
-176.208	-22.067
-176.4317	-22.8433
-175.55	-20.86
-175.2	-20.18
-174.9167	-19.45
-173.95	-17.24
25.525	36.5608
-176.75	-22.8833
-176.453	-21.73
-176.679	-22.4
-176.659	-22.34
-176.65	-22.515
68.5833	-5.4
-90.6	1
142.533	22.508
-114.0833	31.0666
-81.8333	17.8333
176	-17
-129.0417	48.4833
155.0667	-9.8
156.191	-9.254
145.85	16.88
