-26.867100      -60.522000
  -26.473000      -60.456800
  -25.723000      -60.873200
  -25.123000      -60.946100
  -19.423000      -60.800100
  -19.523000      -60.358000
  -18.773000      -60.308500
  -18.823000      -59.984900
  -18.423000      -59.934900
  -18.523000      -59.582300
  -18.073000      -59.506300
  -18.023000      -59.174800
  -16.273000      -59.072200
  -16.273000      -58.788400
  -16.073000      -58.502200
  -15.473000      -58.345100
  -15.073000      -58.345100
  -9.323000      -58.002300
  -6.973000      -57.843000
  -7.073000      -57.414700
  -5.973000      -57.225700
  -6.223000      -56.707800
  -4.523000      -56.321600
  -4.823000      -55.847300
  -2.623000      -55.734900
  -0.123000      -55.509000