  43.6706   12.0260
  43.9529   12.0260
  44.2706   12.0605
  44.6235   12.0951
  45.0471   12.0951
  45.4000   12.0951
  45.8588   12.1296
  46.1412   12.1986
  46.3882   12.1986
  46.5647   12.3365
  46.7765   12.2331
  46.9176   12.4055
  47.0235   12.4744
  47.4118   12.4399
  47.6235   12.6122
  47.8706   12.5433
  48.0824   12.7844
  48.2941   12.6466
  48.5412   12.8188
  48.8588   13.0252
  49.1059   12.9220
  49.3176   13.0596
  49.5294   13.2314
  49.7412   13.4375
  50.0588   13.1970
  50.3059   13.3001
  50.5529   13.3688
  50.8353   13.3345
  51.0824   13.2658
  51.2941   13.1627
  51.4353   13.4031
  51.6118   13.6433
  51.7176   13.9518
  51.8588   14.1572
  51.9294   14.3967
  52.0706   14.6017
  52.2118   14.7041
  52.3176   14.7383
  52.4235   14.6358
  52.7059   14.5334
  52.9176   14.4650
  53.2353   14.3967
  53.4471   14.4309
  53.6588   14.3625
  53.8706   14.3625
  53.9412   14.6358
  53.9412   14.7383
  54.1882   14.6017
  54.3647   14.7383
  54.6824   14.7724
  55.0706   14.8065
  55.3882   14.7724
  55.7059   14.7383
  55.9529   14.6700
  56.1294   14.6358
  56.3412   14.6017
  56.4824   14.4650
  56.6588   14.2941
  56.8706   14.1915
  56.9765   14.0546
  57.1176   13.8148
  57.2588   13.7462
  57.4706   13.6776
  57.5059   13.4718
  57.5059   13.3001
  57.5412   13.0596
  57.8235   12.9564
  57.9647   12.9220
  58.1765   12.8876
  58.3529   12.7844
	58.3529   12.7844
  58.2118   12.3710
  58.1059   12.0605
  57.8941   11.6460
  57.7529   11.3694
  57.5765   11.1271
  57.4000   10.8499
  57.2235   10.6418
  57.1176   10.4336
  56.9412   10.3295
  56.6941   10.1211
  56.9059    9.9821
  57.1529    9.8778
  57.4000    9.9473
  57.6471    9.9473
  57.8235    9.8430
  58.1059    9.7039
  58.1059    9.5647
  58.0706    9.3906
  58.1412    9.2513
  58.2471    9.2165
  58.4588    9.1120
  58.4235    8.9725
  58.4235    8.7982
  58.3882    8.5539
  58.6353    8.3096
  58.7765    8.1698
  58.9882    8.0650
  59.1294    8.0650
  59.3412    8.0650
  59.5529    7.8903
  59.7647    7.7504
  59.6235    7.5055
  59.5882    7.3305
  59.7294    7.1905
  59.9765    7.1204
  60.1176    6.9453
  60.2588    6.7701
  60.4000    6.5598
  60.5765    6.3844
  60.8588    6.2090
  60.9294    6.1037
  61.2118    5.8931
  61.4235    5.7878
  61.6353    5.6473
  61.5647    5.3663
  61.7412    5.3311
  61.9529    5.3311
  62.1294    5.2257
  62.1647    5.0148
  62.2000    4.7686
  62.3765    4.6279
  62.5176    4.5576
  62.5529    4.3464
  62.7294    4.2056
  62.9412    4.0296
  63.1529    3.9240
  63.3294    3.9240
  63.5059    3.8184
  63.7176    3.7831
  63.9647    3.7479
  64.1059    3.7127
  64.2824    3.6423
  64.4588    3.4661
  64.6000    3.3604
  64.7412    3.2547
  65.0588    3.0433
  65.2000    2.9376
  65.4118    3.0433
  65.7294    3.0785
  65.9412    3.0433
  66.0471    2.9023
  66.2235    2.7613
  66.4000    2.6555
  66.6118    2.5145
  66.7176    2.3382
  66.7882    2.1619
  66.7176    1.9502
  66.7176    1.7386
  66.6824    1.6680
  66.8588    1.4916
  67.0353    1.3858
  67.1412    1.2446
  67.2471    1.0682
  67.3529    0.9270
  67.2471    0.8565
  67.1412    0.6800
  67.0353    0.5035
  66.9294    0.3977
  67.0706    0.2212
  67.2471    0.1153
  67.1412   -0.0965
  67.0353   -0.3082
  67.0706   -0.4494
  67.2471   -0.5200
  67.3882   -0.5553
  67.3882   -0.7317
  67.6706   -0.9082
  67.4235   -1.3316
  67.6706   -1.5080
  67.8118   -1.6492
  68.0235   -1.7550
  67.9882   -2.0019
  68.2353   -2.1430
  68.1294   -2.3899
  67.9882   -2.6367
  68.2706   -2.8835
  68.1647   -3.0245
  68.0235   -3.2007
  68.2353   -3.3768
  68.3765   -3.4825
  68.5529   -3.5530
  68.6941   -3.6234                   
  68.6941   -3.6234
  68.4824   -3.8348
  68.2706   -4.0108
  68.4118   -4.1516
  68.5529   -4.2572
  68.6941   -4.4684
  68.5882   -4.6795
  68.4471   -4.8202
  68.5882   -4.9608
  68.6235   -5.0663
  68.6588   -5.2069
  68.7294   -5.3124
  68.5882   -5.5232
  68.3765   -5.7339
  68.0235   -6.0148
  68.1647   -6.1552
  68.3059   -6.3306
  68.5176   -6.4709
  68.3765   -6.6813
  68.2000   -6.8215
  67.9176   -7.1017
  68.2706   -7.3468
  68.1294   -7.5568
  67.9176   -7.8016
  68.0588   -7.9415
  68.2353   -8.0813
  68.3059   -8.1861
  68.1294   -8.3957
  67.8824   -8.6051
  67.6000   -8.8144
  67.3882   -8.9539
  67.1765   -9.0933
  66.9294   -9.2675
  66.6118   -9.5461
  66.7529   -9.6853
  66.8588   -9.7896
  66.7176   -9.9635
  66.5059  -10.1025
  66.2941  -10.3109
  66.4353  -10.4845
  66.6118  -10.6233
  66.7529  -10.7967
  66.6118  -10.9700
  66.4000  -11.1086
  66.2941  -11.2817
  66.4353  -11.5238
  66.2235  -11.7313
  66.0471  -11.8349
  65.8000  -12.0076
  65.6235  -12.1111
  65.7294  -12.2491
  65.8353  -12.3870
  66.0471  -12.4560
  66.1176  -12.6282
  66.2235  -12.7315
  66.3647  -12.7660
  66.5412  -13.0412
  66.6471  -13.1443
  66.7882  -13.3161
  66.5059  -13.4191
  66.3647  -13.5907
  66.2235  -13.6936
  66.0118  -13.7965
  66.0471  -14.0020
  66.1529  -14.2416
  66.1529  -14.3442
  66.2588  -14.4810
  66.4353  -14.7542
  66.6471  -14.7542
  66.7882  -14.8224
  66.8941  -15.0270
  67.0000  -15.0952
  67.1412  -15.2315
  67.2471  -15.3676
  67.2471  -15.5037
  67.1412  -15.6397
  67.2824  -15.7756
  67.3882  -15.9454
  67.4235  -16.0132
  67.2471  -16.1150
  67.0000  -16.2844
  66.7529  -16.3861
  66.5412  -16.5214
  66.6824  -16.7582
  66.8941  -16.9271
  66.6118  -17.1295
  66.3647  -17.2644
  66.1529  -17.3992
  65.9412  -17.5338
  65.7294  -17.6684
  65.4824  -17.7357
  65.3412  -17.8029
  65.1647  -17.9708
  65.1294  -18.0379
  65.2353  -18.1721
  65.3412  -18.3397
  65.4118  -18.5071
  65.4824  -18.7078
  65.5882  -18.9751
  65.6941  -19.2085
  65.8353  -19.3751
  65.9412  -19.5747
  66.0471  -19.7741
  66.1882  -19.9401
  66.2588  -20.0396
  66.3647  -20.1722
  66.6118  -20.1391
  66.7882  -20.0396
  66.8588  -20.1391
  66.9647  -20.3708
  67.2471  -20.2716
  67.3882  -20.1722
  67.6000  -20.0728
  67.7412  -20.3378
  67.8118  -20.3708
  68.0588  -20.3047
  68.1294  -20.4370
  68.2000  -20.5362
  68.3412  -20.6353
  68.4118  -20.8004
  68.5882  -20.7344
  68.7647  -20.9982
  68.6235  -21.1299
  68.6941  -21.2945
  68.8000  -21.4259
  68.8353  -21.6229
  68.9765  -21.6557
  69.0824  -21.7869
  69.0824  -21.9507
  69.1882  -22.0161
  69.1529  -22.1796
  69.0824  -22.3103
  69.2588  -22.4408
  69.3647  -22.4735
  69.4706  -22.6690
  69.2588  -22.7667
  69.1529  -22.8643
  69.2235  -23.0593
  69.1529  -23.2540
  69.2588  -23.3836
  69.4000  -23.5131
  69.5412  -23.6748
  69.5412  -23.8364
  69.5765  -23.9654
  69.6471  -24.0944
  69.7176  -24.2232
  69.8941  -24.3197
  70.0000  -24.4483
  70.0353  -24.5125
  69.8941  -24.6409
  69.8235  -24.7051
  69.8941  -24.8653
  70.0706  -24.9933
  70.1765  -25.0892
  70.0353  -25.1851
  69.9647  -25.2809
  70.0000  -25.4085
  70.0000  -25.5678