 69.962000      -25.644900
  70.405900      -26.060100
  70.669800      -25.913700
  70.990800      -26.190100
  71.134700      -26.087200
  71.575600      -26.455000
  71.716600      -26.379300
  72.061500      -26.654600
  72.001500      -26.719200
  72.925300      -27.575200
  73.123200      -27.441400
  73.399100      -27.658000
  73.540100      -27.569800
  74.400900      -28.315600
  74.188000      -28.543600
  74.988800      -29.266800
  74.937800      -29.327200
  75.549600      -29.841100
  75.366700      -30.010900
  75.510600      -30.115200
  75.390700      -30.240300
  76.123600      -30.778500

 76.123600      -30.778500
  75.923600      -30.907300
  76.823600      -31.506000
  76.523600      -31.718900
  77.823600      -32.860100
  77.723600      -32.986000
  77.923600      -33.446200
  77.523600      -33.696200
  78.773600      -35.098800
  78.723600      -35.262300
  79.573600      -36.195900
  78.723600      -36.718700
  78.373600      -36.798800
  78.673600      -37.714100
  77.123600      -38.852200
  77.373600      -39.085500
  76.373600      -40.087300
  76.623600      -40.582800
  77.173600      -40.125600
  77.773600      -40.316500
  78.423600      -40.848100
  79.923600      -41.824200
  80.823700      -41.074700
  83.673700      -42.932200
  85.873700      -40.885900
  88.173800      -42.269800
  88.723800      -41.749600
  88.723800      -41.861400
  89.223800      -42.084500
  90.323800      -42.675400
  91.073800      -43.042000
  91.473800      -43.370000
  91.873800      -43.151500
  92.473800      -43.551400
  93.223800      -43.912700
  93.823800      -44.128500
  95.673900      -45.054200
  95.723900      -45.230500
  96.323900      -45.476500
  95.773900      -45.965200
  96.173900      -46.208000
  96.023900      -46.621600
  97.223900      -47.304100
  98.323900      -47.910900
  99.123900      -48.311500
  100.224000      -47.304100
  100.674000      -47.405700
  101.474000      -47.810200
  101.874000      -47.843800
  102.274000      -47.977900
  102.774000      -47.843800
  103.274000      -48.044800
  103.974000      -48.378000
  104.274000      -47.977900
  105.374000      -48.344700
  105.174000      -48.972300
  106.074000      -49.299400
  107.174000      -48.244900
  107.874000      -48.576800
  108.324000      -48.709000
  108.624000      -49.070600
  108.924000      -49.332000
  109.474000      -49.559600
  110.024000      -49.689100
  110.674000      -49.915000
  111.024000      -49.753800
  111.374000      -49.915000
  111.374000      -50.043600
  111.874000      -50.171900
  112.274000      -50.267900
  112.924000      -50.171900
  113.524000      -50.395500
  113.874000      -50.395500
  114.374000      -49.882800
  114.924000      -49.947200
  115.524000      -50.043600
  115.874000      -49.947200
  116.524000      -49.266800
  116.924000      -49.332000
  117.124000      -49.494600
  117.474000      -49.689100
  117.924000      -49.818300
  118.074000      -49.947200
  118.724000      -49.850600
  119.024000      -49.915000
  119.774000      -50.075700
  120.274000      -50.075700
  120.924000      -48.807900
  121.574000      -48.972300
  121.424000      -49.689100
  121.974000      -49.850600
  122.524000      -49.915000
  122.924000      -49.559600
  123.274000      -49.656800
  124.024000      -48.840800
  124.374000      -48.873700
  125.174000      -49.168800
  125.174000      -49.592000
  125.474000      -49.753800
  125.824000      -49.786100
  126.424000      -48.676000
  126.824000      -48.742000
  127.374000      -48.840800
  127.124000      -49.947200
  131.274000      -50.681600
  131.324000      -50.203900
  133.024000      -50.299800
  135.074000      -50.459300
  135.174000      -50.203900
  139.774000      -50.299800
  139.724000      -51.839200
  140.574000      -51.715400
  140.374000      -53.920700
  142.274000      -54.214100
  143.174000      -54.272600
  144.225000      -54.214100
  143.975000      -54.852400
  146.475000      -54.794800
  147.025000      -54.881200
  147.475000      -56.266100
  147.675000      -56.293900
  148.025000      -57.495400
  148.275000      -57.468500
  148.625000      -58.134500
  149.475000      -57.949300
  150.325000      -59.430100
  150.775000      -60.432100
  153.625000      -59.859600
  156.625000      -62.761700
