> 2008 GULF OF CALIFORNIA PLATE BOUNDARY                 
-115.7158   33.3408
-115.6279   33.2626
-115.5949   33.2355
-115.6865   33.1515
-115.7180   33.1307
-115.5941   33.0397
-115.5085   32.9593
-115.5829   32.8757
-115.4124   32.7096
-115.2105   32.5132
-115.3291   32.4197
-115.0858   32.2367
-114.7668   31.9958
-114.5205   31.7850
-114.3328   31.5995
-114.2059   31.4593
-114.1181   31.3563
-114.3290   31.1932
-114.4394   31.0963
-114.3028   30.9107
-114.1293   30.6799
-113.9859   30.5117
-113.8073   30.3132
-114.0400   30.1196
-113.9101   29.9824
-113.7584   29.8339
-113.8688   29.7285
-113.9694   29.6465
-113.7742   29.4397
-113.5219   29.2055
-113.2824   29.0084
-113.3403   28.9496
-113.0880   28.7155
-112.8125   28.4976
-112.5887   28.3223
-112.3214   28.1261
-112.0151   27.9049
-111.7095   27.6933
-111.5061   27.5709
-111.3829   27.4959
-111.5684   27.2137
-111.3739   27.1042
-111.5053   26.9274
-111.2283   26.7226
-110.9573   26.5357
-110.7605   26.4161
-110.6780   26.3600
-110.7801   26.2253
-110.5721   26.0647
-110.2913   25.8910
-110.0240   25.7075
-109.8709   25.6081
-109.8055   25.5577
-110.0075   25.3409
-109.7883   25.1791
-109.5908   25.0178
-109.3491   24.8555
-109.1779   24.7363
-109.0608   24.6588
-109.2747   24.3971
-109.0037   24.1521
-108.8047   23.9839
-108.6110   23.8147
-108.4399   23.6751
-108.3573   23.6122
-108.6508   23.2429
-108.3881   23.0832
-108.2026   22.9929
-108.0983   22.9380
-108.4669   22.0785
-108.3971   22.0408
-108.7725   21.2616
-108.6891   21.2511
> 9788 COCOS-NAZCA SPREADING CENTER                      
-101.7350    2.1467
-101.9589    2.1026
-100.7543    2.0719
 -99.8528    2.0681
 -99.8566    2.2099
 -98.9167    2.1141
 -98.8898    2.2138
 -97.8464    2.0757
 -97.5509    2.0872
 -97.5855    1.8994
 -96.1737    1.7728
 -96.1200    2.2368
 -95.2261    2.2214
 -95.1992    2.5051
 -93.6110    2.3709
 -92.2452    2.2291
 -92.0879    2.1984
 -92.1186    1.9914
 -91.5355    2.0106
 -91.5585    1.8150
 -90.7743    1.7800
-85.29	        1.57
-84.5763	1.6003
-84.5648	2.5319
-84.4689	3.1143
-83.3755	3.1641
-82.8039	3.1182
-82.6394	7.3626
> 9701 EPR BETW TAMAYO AND RIVERA FZ                     
-108.6891   21.2511
-109.3500   20.0300
-109.4328   19.9378
> 9401 GULF OF ADEN SPREADING RIDGE                      
  43.6706   12.0260
  43.9529   12.0260
  44.2706   12.0605
  44.6235   12.0951
  45.0471   12.0951
  45.4000   12.0951
  45.8588   12.1296
  46.1412   12.1986
  46.3882   12.1986
  46.5647   12.3365
  46.7765   12.2331
  46.9176   12.4055
  47.0235   12.4744
  47.4118   12.4399
  47.6235   12.6122
  47.8706   12.5433
  48.0824   12.7844
  48.2941   12.6466
  48.5412   12.8188
  48.8588   13.0252
  49.1059   12.9220
  49.3176   13.0596
  49.5294   13.2314
  49.7412   13.4375
  50.0588   13.1970
  50.3059   13.3001
  50.5529   13.3688
  50.8353   13.3345
  51.0824   13.2658
  51.2941   13.1627
  51.4353   13.4031
  51.6118   13.6433
  51.7176   13.9518
  51.8588   14.1572
  51.9294   14.3967
  52.0706   14.6017
  52.2118   14.7041
  52.3176   14.7383
  52.4235   14.6358
  52.7059   14.5334
  52.9176   14.4650
  53.2353   14.3967
  53.4471   14.4309
  53.6588   14.3625
  53.8706   14.3625
  53.9412   14.6358
  53.9412   14.7383
  54.1882   14.6017
  54.3647   14.7383
  54.6824   14.7724
  55.0706   14.8065
  55.3882   14.7724
  55.7059   14.7383
  55.9529   14.6700
  56.1294   14.6358
  56.3412   14.6017
  56.4824   14.4650
  56.6588   14.2941
  56.8706   14.1915
  56.9765   14.0546
  57.1176   13.8148
  57.2588   13.7462
  57.4706   13.6776
  57.5059   13.4718
  57.5059   13.3001
  57.5412   13.0596
  57.8235   12.9564
  57.9647   12.9220
  58.1765   12.8876
  58.3529   12.7844
> 9201 NORTH & CENTRAL ATLANTIC RIDGE AXIS               
 -32.2971   37.4118
 -32.3909   37.1394
 -32.6448   37.1760
 -32.7066   37.0349
 -32.9468   37.0643
 -33.0039   36.9175
 -33.2235   36.9432
 -33.3173   36.6931
 -33.5941   36.7410
 -33.7725   36.1848
 -33.9852   36.2200
 -34.0539   36.0716
 -34.1408   36.0772
 -34.3352   35.6153
 -34.4587   35.6265
 -34.7470   35.0097
 -36.3733   35.2803
 -36.6249   34.6910
 -36.7873   34.7118
 -36.8605   34.5568
 -37.0481   34.5662
 -37.2448   34.1241
 -37.3363   34.1394
 -37.5307   33.7046
 -37.6794   33.7352
 -37.8007   33.5017
 -39.4018   33.7657
 -39.5848   33.0656
 -39.6992   33.0829
 -40.5501   31.8008
 -40.7080   31.8145
 -41.1814   31.1971
 -41.4285   31.2364
 -42.1376   29.9741
 -42.7255   30.0697
 -43.0365   29.4710
 -43.0892   29.4690
 -43.4849   28.8022
 -43.5604   28.8123
 -43.9446   28.1027
 -44.0224   28.1088
 -44.3861   27.2352
 -44.5073   27.2536
 -44.8642   26.2824
 -44.8162   26.2700
 -44.8985   26.0574
 -45.0929   26.0822
 -45.5001   25.1926
 -45.7883   25.2530
 -46.1177   24.5875
 -46.1955   24.5980
 -46.4791   23.9185
 -44.9214   23.6491
 -45.0243   22.9645
 -45.0678   22.9751
 -45.2462   21.8052
 -45.3880   21.8244
 -45.5138   21.2487
 -45.4200   21.2230
 -45.5596   20.5932
 -45.7723   20.6212
 -45.9416   19.8007
 -45.9987   19.8245
 -46.1840   18.9301
 -46.2275   18.9366
 -46.3190   18.4200
 -46.3899   18.4200
 -46.5226   17.5882
 -46.4059   17.5685
 -46.5866   16.6049
 -46.5294   16.5895
 -46.7513   15.4413
 -45.1254   15.2648
> 9201 NORTH & CENTRAL ATLANTIC RIDGE AXIS               
 -32.2698   37.3750
 -31.5147   37.2837
 -31.3683   37.7048
 -31.0731   37.6793
 -30.6063   38.3996
 -30.4279   38.3870
 -29.9062   39.3866
 -29.7620   39.3973
 -29.6087   39.9929
 -29.6102   40.0342
 -29.5880   40.0739
 -29.5800   40.1051
 -29.6535   40.1068
 -29.6382   40.2059
 -29.6282   40.2908
 -29.5949   40.3809
 -29.5749   40.4674
 -29.5711   40.5529
 -29.5671   40.5991
 -29.3399   40.5659
 -29.3081   40.7027
 -29.2778   40.8690
 -29.2591   40.9825
 -29.2391   41.1228
 -29.2247   41.2098
 -29.3199   41.2457
 -29.2837   41.3845
 -29.2470   41.5257
 -29.2144   41.6796
 -29.1967   41.8030
 -29.1583   41.9123
 -29.2612   41.9269
 -29.2445   42.0824
 -29.2442   42.1805
 -29.2285   42.2330
 -29.2223   42.2888
 -29.4283   42.2861
 -29.3897   42.4150
 -29.3600   42.5300
 -29.3402   42.6067
 -29.3218   42.6737
 -29.3147   42.7148
 -29.3758   42.7278
 -29.3505   42.8359
 -29.3264   42.9539
 -29.3108   43.0237
 -29.3101   43.0849
 -29.1737   43.0770
 -29.0994   43.2097
 -29.0063   43.3874
 -28.9364   43.4911
 -28.8841   43.6260
 -28.8334   43.6971
 -28.7955   43.7719
 -28.5286   43.7624
 -28.5103   43.8392
 -28.4886   43.9327
 -28.4735   44.0269
 -28.4463   44.0954
 -28.4434   44.1443
 -28.4257   44.1990
 -28.3710   44.1811
 -28.3229   44.3014
 -28.2918   44.4038
 -28.2558   44.5132
 -28.2123   44.6241
 -28.1628   44.7467
 -28.1453   44.8137
 -28.1353   44.8618
 -28.1049   44.9078
 -28.1650   44.9190
 -28.1408   44.9681
 -28.1170   45.0319
 -28.1065   45.0652
 -28.0733   45.1232
 -27.9981   45.1004
 -27.9904   45.1684
 -27.9807   45.2141
 -27.9759   45.2849
 -27.9807   45.3445
 -27.9445   45.3332
 -27.9384   45.3941
 -27.9345   45.4281
 -27.9228   45.4662
 -27.8803   45.4518
 -27.8671   45.4798
 -27.8577   45.5231
 -27.8751   45.5397
 -27.8207   45.5314
 -27.8025   45.5983
 -27.7757   45.7036
 -27.7593   45.8248
 -27.7470   45.8801
 -27.6930   45.8840
 -27.6886   45.9353
 -27.6748   45.9804
 -27.6001   45.9821
 -27.5897   46.0745
 -27.5703   46.1437
 -27.5623   46.2093
 -27.5057   46.2079
 -27.4915   46.2999
 -27.4862   46.3533
 -27.4740   46.4825
 -27.4449   46.6368
 -27.4418   46.6956
 -27.4416   46.7571
 -27.3705   46.7540
 -27.3685   46.8523
 -27.3549   46.9246
 -27.3264   46.9978
 -27.3790   47.1096
 -27.4323   47.2042
 -27.4678   47.2673
 -27.4640   47.3431
 -27.4650   47.4000
 -27.4658   47.4714
 -27.4417   47.5255
 -27.4497   47.5977
 -27.4671   47.6613
 -27.5674   47.6551
 -27.5919   47.7809
 -27.6215   47.8852
 -27.6354   47.9951
 -27.6525   48.0907
 -27.7061   48.2049
 -27.7175   48.3245
 -27.7301   48.4244
 -27.7446   48.5172
 -27.7493   48.5892
 -27.8860   48.6087
 -28.0096   48.6071
 -28.0424   48.6870
 -28.0881   48.8076
 -28.1576   48.9084
 -28.2070   48.9999
 -28.2596   49.0940
 -28.3176   49.1666
 -28.3582   49.2176
 -28.4219   49.2833
 -28.4497   49.3724
 -28.4887   49.4798
 -28.5374   49.5784
 -28.5651   49.6379
 -28.7182   49.6506
 -28.8172   49.6504
 -28.8620   49.7362
 -28.9018   49.8116
 -28.9689   49.9018
 -28.9798   49.9867
 -28.9964   50.0648
 -29.0155   50.1480
 -29.1211   50.1900
 -29.2019   50.2248
 -29.3256   50.3251
 -29.4248   50.4156
 -29.5061   50.4674
 -29.5387   50.4950
 -29.6585   50.6020
 -29.7665   50.6930
 -29.8362   50.7484
 -29.8746   50.7863
 -29.9052   50.8605
 -29.9364   50.9322
 -29.9820   50.9928
 -29.9817   51.1014
 -30.0029   51.2560
 -30.0065   51.4191
 -30.0041   51.6261
 -30.0096   51.7622
 -30.0209   51.8545
 -30.0356   51.9495
 -30.0221   52.0272
 -30.3681   52.0588
 -30.8069   52.0890
 -31.0573   52.1011
 -31.2693   52.1047
 -31.2547   52.2589
 -31.2577   52.3454
 -31.2587   52.4218
 -31.5768   52.4697
 -31.8655   52.5048
 -32.0606   52.5230
 -32.3502   52.5569
 -32.6456   52.5831
 -32.8619   52.5988
 -33.0090   52.6174
 -33.3272   52.6309
 -33.7150   52.6423
 -34.1698   52.6681
 -34.5660   52.6796
 -34.9326   52.7032
 -34.8764   52.6983
 -35.0182   52.6994
 -35.1427   52.7120
 -35.1588   52.8602
 -35.1644   52.9909
 -35.1773   53.1315
 -35.1813   53.2056
 -35.3212   53.2407
 -35.2850   53.3819
 -35.2588   53.4694
 -35.2541   53.5110
 -35.4531   53.5458
 -35.3897   53.6713
 -35.3179   53.8309
 -35.2581   53.9540
 -35.2065   54.1118
 -35.1560   54.2205
 -35.1122   54.3048
 -35.3041   54.3224
 -35.4885   54.3343
 -35.4132   54.5160
 -35.3614   54.6739
 -35.2927   54.7894
 -35.2661   54.9064
 -35.2028   54.9703
 -35.3283   54.9974
 -35.2547   55.1471
 -35.1684   55.3258
 -35.0788   55.4896
 -34.9671   55.6843
 -34.8980   55.7775
 -34.8709   55.8502
 -34.6306   55.8129
 -34.6179   55.9353
 -34.5651   56.0610
 -34.5127   56.2114
 -34.4982   56.3437
 -34.4663   56.4407
 -34.4396   56.5011
 -34.3376   56.4965
 -34.3119   56.5790
 -34.2547   56.6601
 -34.2193   56.7447
 -34.0739   56.6985
 -34.0483   56.7760
 -33.9987   56.8328
 -33.9698   56.9003
 -33.8062   56.8800
 -33.6852   56.8764
 -33.5872   56.8689
 -33.5652   56.9959
 -33.5445   57.0885
 -33.5178   57.1635
 -33.5010   57.2587
 -33.3805   57.2696
 -33.2049   57.2824
 -33.0820   57.4507
 -33.0129   57.5480
 -32.9733   57.6099
 -32.9117   57.6657
 -32.8142   57.6453
 -32.7007   57.7745
 -32.6187   57.8807
 -32.4964   57.9549
 -32.4615   58.0096
 -32.2680   58.0003
 -32.1202   58.1418
 -31.9733   58.2536
 -31.8652   58.3355
 -31.8081   58.3985
 -31.7404   58.4658
 -31.5569   58.4439
 -31.4265   58.5711
 -31.3035   58.6838
 -31.1790   58.7989
 -31.0413   58.8882
 -30.9666   58.9720
 -30.8011   58.9454
 -30.6404   59.0946
 -30.4614   59.2347
 -30.3018   59.3862
 -30.1682   59.5271
 -30.0415   59.6240
 -29.8471   59.7476
 -29.6455   59.8730
 -29.5120   59.9664
 -29.3658   60.0811
 -29.2257   60.1738
 -29.1150   60.2663
 -29.0213   60.3354
 -28.9119   60.3039
 -28.8207   60.4227
 -28.6367   60.5586
 -28.4116   60.7054
 -28.1851   60.8494
 -28.0308   60.9599
 -27.8457   61.0676
 -27.5758   61.2542
 -27.3954   61.3917
 -27.2325   61.5333
 -27.0268   61.6607
 -26.7526   61.8311
 -26.5289   61.9413
 -26.3172   62.1024
 -26.1091   62.2389
 -25.8867   62.3786
 -25.6553   62.5097
 -25.4366   62.6218
 -25.3026   62.6176
 -25.1601   62.7150
 -25.0371   62.8045
 -24.8826   62.9207
 -24.7316   62.9969
 -24.5291   63.1151
 -24.4375   63.0998
 -24.2461   63.2341
 -24.0083   63.3479
 -23.7325   63.4746
 -23.4792   63.5685
 -23.3206   63.6530
 -23.1626   63.6973
 -23.0541   63.6513
 -22.8771   63.7713
 -22.8047   63.7953
 -22.6496   63.8142
 -22.5473   63.8394
 -22.4603   63.8944
 -22.3517   63.9467
 -22.2836   63.9711
> 9201 NORTH & CENTRAL ATLANTIC RIDGE AXIS               
 -22.2478   63.8145
 -22.1490   63.8602
 -22.0700   63.9186
 -21.9473   63.9815
 -21.8427   64.0340
> 9201 NORTH & CENTRAL ATLANTIC RIDGE AXIS               
 -21.9255   63.8670
 -21.8541   63.9136
 -21.7739   63.9642
 -21.7222   63.9981
 -21.6973   64.0177
> 9201 NORTH & CENTRAL ATLANTIC RIDGE AXIS               
 -21.7294   63.8162
 -21.6239   63.8786
 -21.5711   63.9224
 -21.4157   64.0138
 -21.3191   64.0695
 -21.2618   64.1434
 -21.1614   64.2114
 -21.0207   64.3020
> 9201 NORTH & CENTRAL ATLANTIC RIDGE AXIS               
 -20.8956   64.1246
 -20.7944   64.1924
 -20.6136   64.3282
 -20.4550   64.4314
 -20.3589   64.5127
 -20.1767   64.6279
 -20.0321   64.7075
 -19.9101   64.7876
 -19.8020   64.8491
> 9001 REYKJANES - NANSEN  RIDGE, NORTH ATLANTIC         
 -18.5200   67.4800
 -18.3200   67.7400
 -18.0200   68.0600
 -17.7000   68.4000
 -17.3300   68.7000
 -17.1400   68.8600
 -16.4900   68.8100
 -16.2600   69.0400
 -16.0200   69.2600
 -15.7300   69.5500
 -15.4100   69.8400
 -15.0100   70.1700
 -14.7400   70.3900
 -14.4600   70.3500
 -14.2400   70.5200
 -14.0200   70.7300
 -13.8800   70.8200
 -13.4000   70.7700
 -12.9100   70.7000
 -12.2600   70.5700
 -12.0000   70.7100
 -11.6700   70.8700
 -11.3500   71.0500
 -11.8500   71.1500
 -12.3500   71.2500
 -12.1000   71.3900
 -11.7300   71.5900
 -11.3600   71.7800
 -10.3600   71.6100
  -9.4000   71.4600
  -7.9500   71.2200
  -7.3800   71.1200
  -6.9000   71.2800
  -6.3300   71.3900
  -5.9300   71.4600
  -5.6900   71.5400
  -5.1800   71.4300
  -4.7500   71.3300
  -4.3600   71.4300
  -4.0900   71.4900
  -3.6800   71.4000
  -2.9400   71.5000
  -2.4000   71.5900
  -1.7400   71.6900
  -0.9700   71.8100
  -0.3800   71.9100
   0.2900   72.0200
   0.9100   72.1300
   1.9900   72.3200
   2.7800   72.4400
   3.6200   72.5800
   4.2800   72.7000
   4.9700   72.8200
   5.5900   72.9300
   6.0800   73.0200
   6.7700   73.1400
> 9921 SOUTH ATLANTIC RIDGE                              
 -40.6742    9.8782
 -40.6736    9.7647
 -40.6596    9.6917
 -40.6510    9.6187
 -40.6452    9.5674
 -40.5960    9.5325
 -40.5541    9.3513
 -40.4831    9.3328
 -40.4741    9.1920
 -40.4739    9.1459
 -40.4681    9.0782
 -40.4622    8.9970
 -40.4592    8.9482
 -40.4589    8.8994
 -40.4477    8.8453
 -40.3358    8.8160
 -40.2130    8.8005
 -40.0629    8.7796
 -39.9048    8.7642
 -39.7711    8.7541
 -39.6565    8.7357
 -39.5993    8.7306
 -39.5474    8.7200
 -39.4302    8.7153
 -39.4264    8.5254
 -39.5789    8.5082
 -39.5922    8.4485
 -39.5999    8.3561
 -39.5996    8.2964
 -39.6100    8.2094
 -39.5633    8.1472
 -39.4869    8.1422
 -39.4187    8.1290
 -39.3342    8.1240
 -39.2250    8.1002
 -39.1269    8.0953
 -39.0451    8.1012
 -38.9552    8.1071
 -38.8380    8.1050
 -38.7480    8.1110
 -38.6254    8.1143
 -38.5164    8.1258
 -38.4265    8.1290
 -38.3474    8.1295
 -38.2601    8.1218
 -38.1783    8.1222
 -38.1075    8.1199
 -38.0584    8.1202
 -38.0094    8.1259
 -37.9896    8.0064
 -38.0740    7.9815
 -38.0791    7.9217
 -38.0841    7.8374
 -38.0839    7.8102
 -38.0809    7.7586
 -38.0753    7.7206
 -38.0750    7.6716
 -37.8296    7.6648
 -37.6879    7.6656
 -37.5489    7.6745
 -37.3771    7.6646
 -37.2163    7.6763
 -37.0392    7.6827
 -36.9056    7.6808
 -36.7828    7.6651
 -36.7338    7.6654
 -36.7052    7.4234
 -36.4870    7.4083
 -36.3396    7.3710
 -36.2087    7.3745
 -36.0805    7.3561
 -35.9497    7.3568
 -35.7944    7.3686
 -35.6690    7.3693
 -35.5545    7.3699
 -35.4101    7.3816
 -35.3173    7.3603
 -35.2029    7.3854
 -35.0911    7.3861
 -34.9985    7.4002
 -34.8759    7.4009
 -34.7914    7.4040
 -34.7260    7.4098
 -34.6851    7.4101
 -34.6435    7.2878
 -34.6237    7.1464
 -34.3811    7.1477
 -34.2692    7.1347
 -34.1984    7.1405
 -34.1193    7.1437
 -34.0375    7.1387
 -33.9584    7.1228
 -33.9306    7.0358
 -33.9186    6.8289
 -33.7849    6.8078
 -33.7733    6.6852
 -33.7674    6.5953
 -33.7641    6.4972
 -33.7636    6.4099
 -33.7634    6.3608
 -33.7658    6.3036
 -33.7682    6.2517
 -33.6809    6.2440
 -33.5719    6.2446
 -33.4819    6.2315
 -33.4164    6.2236
 -33.3264    6.2214
 -33.2779    5.8205
 -33.1906    5.8128
 -33.1225    5.8132
 -33.0462    5.8218
 -32.9698    5.8222
 -32.9557    5.7240
 -32.9304    5.5849
 -32.8729    5.5442
 -32.8363    5.3341
 -32.8167    5.2303
 -32.8053    5.1429
 -32.7912    5.0637
 -32.7825    4.9736
 -32.7496    4.9300
 -32.7190    4.8263
 -32.7130    4.7169
 -32.7016    4.6295
 -32.6848    4.5475
 -32.6652    4.4655
 -32.6457    4.3781
 -32.6262    4.3043
 -32.6149    4.2277
 -32.6063    4.1484
 -32.5977    4.0773
 -32.5919    4.0198
 -32.5917    3.9788
 -32.5915    3.9350
 -32.5909    3.8282
 -32.3701    3.8404
 -32.1576    3.8552
 -31.9941    3.8726
 -31.8824    3.8787
 -31.7461    3.8822
 -31.6371    3.8937
 -31.5636    3.9023
 -31.4954    3.9027
 -31.4730    3.7988
 -31.4673    3.7386
 -31.4586    3.6565
 -31.4501    3.6017
 -31.4443    3.5278
 -31.4441    3.4840
 -31.4436    3.4100
 -31.3836    3.3912
 -31.3751    3.3337
 -31.3748    3.2789
 -31.3636    3.2242
 -31.3578    3.1749
 -31.3549    3.1256
 -31.3544    3.0516
 -31.2590    3.0521
 -31.2533    3.0083
 -31.2447    2.9179
 -31.2989    2.8683
 -31.2984    2.7778
 -31.2758    2.6272
 -31.0358    2.6093
 -30.9214    2.6182
 -30.8505    2.6131
 -30.7905    2.6134
 -30.7550    2.6136
 -30.7191    2.5206
 -30.7078    2.4439
 -30.6937    2.3562
 -30.6796    2.2768
 -30.6710    2.2083
 -30.6515    2.1179
 -30.6427    2.0082
 -30.6153    1.9782
 -30.5904    1.9153
 -30.5846    1.8577
 -30.5734    1.7974
 -30.7277    1.6100
 -30.7271    1.5003
 -30.7132    1.4455
 -30.6881    1.3331
 -30.6306    1.2896
 -30.5513    1.2571
 -30.4831    1.2410
 -30.4202    1.2112
 -30.4109    0.9917
 -30.3938    0.8656
 -30.3935    0.8162
 -30.2654    0.8224
 -30.1864    0.8228
 -30.1100    0.8123
 -30.0446    0.8126
 -30.0332    0.7304
 -30.0246    0.6563
 -30.0294    0.5328
 -29.7845    0.6028
 -29.4002    0.6214
 -29.1194    0.6120
 -28.8115    0.6356
 -28.5310    0.6921
 -28.1958    0.7131
 -27.9342    0.7228
 -27.8034    0.7373
 -27.5773    0.7632
 -27.3756    0.7808
 -27.1686    0.8094
 -26.9560    0.8161
 -26.7762    0.8390
 -26.6373    0.8645
 -26.4712    0.8983
 -26.3950    0.9207
 -26.3781    0.8248
 -26.3582    0.6602
 -26.2383    0.6746
 -26.1429    0.6751
 -26.0394    0.6839
 -25.9413    0.6927
 -25.8623    0.7069
 -25.7316    0.7323
 -25.6443    0.7328
 -25.5707    0.7332
 -25.5027    0.7500
 -25.4860    0.6925
 -25.4987    0.5223
 -25.3680    0.5395
 -25.2780    0.5427
 -25.1718    0.5653
 -25.0791    0.5603
 -25.0327    0.5523
 -24.9863    0.5389
 -24.9881    0.3659
 -24.9794    0.2809
 -24.9705    0.1410
 -24.9615   -0.0154
 -24.8361   -0.0092
 -24.8220   -0.0914
 -24.8079   -0.1737
 -24.7966   -0.2532
 -24.7688   -0.3519
 -24.7355   -0.4642
 -24.7050   -0.5518
 -24.6801   -0.6231
 -24.6605   -0.7135
 -24.6381   -0.8149
 -24.6351   -0.8670
 -24.6184   -0.9301
 -24.6099   -0.9959
 -24.5822   -1.0725
 -24.5814   -1.2125
 -24.5842   -1.1988
 -24.3851   -1.2306
 -24.1316   -1.2292
 -23.9191   -1.1978
 -23.6466   -1.1716
 -23.3362   -1.1205
 -22.9901   -1.0911
 -22.6632   -1.0591
 -22.4343   -1.0277
 -22.2411   -0.9690
 -21.9279   -0.9096
 -21.6720   -0.8643
 -21.4922   -0.8386
 -21.2007   -0.7931
 -20.9120   -0.7558
 -20.6560   -0.7023
 -20.3973   -0.6569
 -20.1113   -0.6169
 -19.8498   -0.5715
 -19.6947   -0.5323
 -19.5286   -0.4874
 -19.3543   -0.4563
 -18.9186   -0.3715
 -18.5864   -0.3038
 -18.3087   -0.2474
 -18.1100   -0.1887
 -17.9031   -0.1326
 -17.6989   -0.0876
 -17.4621   -0.0341
 -17.2933    0.0025
 -17.1490    0.0500
 -17.0157    0.0919
 -16.9259    0.1171
 -16.8219    0.0463
 -16.7535    0.0110
 -16.6552   -0.0324
 -16.5484   -0.1086
 -16.4855   -0.1522
 -16.3843   -0.2175
 -16.2912   -0.2856
 -16.2092   -0.3290
 -16.1354   -0.3588
 -16.1052   -0.4081
 -16.0774   -0.5122
 -16.0170   -0.5887
 -15.9839   -0.6434
 -16.0517   -0.7233
 -16.0457   -0.8248
 -16.0177   -0.9482
 -15.9816   -1.0687
 -15.9593   -1.1536
 -15.9343   -1.2386
 -15.9042   -1.2713
 -15.8928   -1.3563
 -15.8894   -1.4852
 -15.8999   -1.5594
 -15.9022   -1.6362
 -13.0762   -1.0979
 -13.0372   -1.2540
 -13.0006   -1.4595
 -12.9807   -1.6020
 -12.9498   -1.7719
 -12.9192   -1.9006
 -12.9023   -1.9882
 -12.8802   -2.0539
 -12.8580   -2.1141
 -12.6785   -2.0501
 -12.6646   -2.1103
 -12.6424   -2.1787
 -12.6285   -2.2198
 -12.5981   -2.3018
 -12.4756   -2.2737
 -12.3940   -2.2541
 -12.3422   -2.2538
 -12.3040   -2.2563
 -12.2764   -2.3220
 -12.2570   -2.3767
 -12.2403   -2.4479
 -12.2182   -2.4971
 -12.2043   -2.5628
 -12.1847   -2.6422
 -12.1406   -2.7351
 -12.1048   -2.8144
 -12.0797   -2.9101
 -12.0522   -2.9566
 -12.0384   -2.9839
 -12.2776   -3.0948
 -12.2525   -3.2042
 -12.2274   -3.3027
 -12.1995   -3.4230
 -12.1745   -3.5133
 -12.1441   -3.5925
 -12.1164   -3.6772
 -12.0912   -3.8003
 -12.0635   -3.8713
 -12.0360   -3.9177
 -12.0195   -3.9532
 -12.2210   -3.9734
 -12.3707   -4.0208
 -12.4060   -4.0429
 -12.4057   -4.0894
 -12.3644   -4.1740
 -12.3284   -4.2641
 -12.2980   -4.3460
 -12.2786   -4.4088
 -12.2619   -4.4661
 -12.2426   -4.5153
 -12.2260   -4.5480
 -12.2233   -4.5534
 -12.4300   -4.6312
 -12.4048   -4.7486
 -12.3963   -4.8142
 -12.3713   -4.8851
 -12.3520   -4.9342
 -12.3079   -5.0323
 -12.2967   -5.0705
 -12.2801   -5.1278
 -12.2690   -5.1523
 -12.0813   -5.1049
 -12.0105   -5.0908
 -11.9316   -5.0740
 -11.8526   -5.0626
 -11.7900   -5.0486
 -11.7030   -5.0153
 -11.6540   -5.0068
 -11.6043   -5.1104
 -11.5683   -5.2222
 -11.5048   -5.3776
 -11.5042   -5.4732
 -11.5037   -5.5742
 -11.4978   -5.6561
 -11.4863   -5.7516
 -11.4750   -5.8388
 -11.4609   -5.9261
 -11.4359   -6.0051
 -11.4027   -6.1031
 -11.3804   -6.1848
 -11.3637   -6.2556
 -11.3496   -6.3373
 -11.3274   -6.4081
 -11.3135   -6.4571
 -11.2995   -6.5170
 -11.2774   -6.5714
 -11.2663   -6.6204
 -11.2524   -6.6693
 -11.5433   -6.7963
 -11.7147   -6.8435
 -11.9080   -6.8827
 -12.1040   -6.9110
 -12.2510   -6.9472
 -12.4306   -6.9863
 -12.5804   -7.0062
 -12.7192   -7.0315
 -12.9179   -7.0762
 -13.0867   -7.1070
 -13.2093   -7.1240
 -13.3263   -7.1573
 -13.4649   -7.2153
 -13.4508   -7.3050
 -13.4311   -7.4191
 -13.5535   -7.4497
 -13.4898   -7.6425
 -13.4510   -7.7646
 -13.4205   -7.8623
 -13.3762   -7.9870
 -13.4796   -8.0147
 -13.4376   -8.2182
 -13.3232   -8.1958
 -13.2095  -10.0260
 -13.1648  -10.2310
 -13.1721  -10.3876
 -13.1403  -10.7029
 -13.0342  -10.6781
 -12.9810  -10.9310
 -13.1281  -10.9480
 -13.1053  -11.1148
 -13.0073  -11.1008
 -12.9761  -11.3213
 -12.9475  -11.5577
 -13.0148  -11.6083
 -13.2491  -11.6364
 -13.4479  -11.6644
 -13.6877  -11.6845
 -13.8838  -11.7044
 -14.0745  -11.7403
 -14.2079  -11.7652
 -14.2841  -11.7871
 -14.4011  -11.8334
 -14.4010  -11.8415
 -14.4007  -11.9059
 -14.3812  -11.9702
 -14.3644  -12.0533
 -14.3613  -12.1231
 -14.3527  -12.1954
 -14.4261  -12.2307
 -14.5486  -12.2608
 -14.6220  -12.2961
 -14.6900  -12.3152
 -14.7363  -12.3262
 -14.7799  -12.3398
 -14.6972  -12.5055
 -14.6775  -12.6018
 -14.6633  -12.7061
 -14.6577  -12.7409
 -14.6574  -12.7810
 -14.5702  -12.7805
 -14.5644  -12.8420
 -14.5392  -12.9569
 -14.5334  -13.0317
 -14.5249  -13.0771
 -14.5165  -13.1145
 -14.3804  -13.0843
 -14.3500  -13.1563
 -14.3168  -13.2389
 -14.2863  -13.3402
 -14.2640  -13.4175
 -14.2528  -13.4788
 -14.3535  -13.5087
 -14.4352  -13.5251
 -14.5332  -13.5523
 -14.6148  -13.5688
 -14.6584  -13.5797
 -14.6639  -13.5797
 -14.6636  -13.6277
 -14.6195  -13.7074
 -14.6111  -13.7500
 -14.6053  -13.8113
 -14.5535  -13.8057
 -14.5289  -13.8189
 -14.5068  -13.8720
 -14.4983  -13.9386
 -14.4923  -14.0264
 -14.4755  -14.1035
 -14.4616  -14.1592
 -14.4395  -14.2150
 -14.2543  -14.1741
 -14.0692  -14.1305
 -13.9058  -14.1030
 -13.7424  -14.0649
 -13.5926  -14.0428
 -13.5238  -14.1648
 -13.4959  -14.2870
 -13.4734  -14.4012
 -13.4451  -14.5816
 -13.4444  -14.7117
 -13.4328  -14.8363
 -13.3937  -15.0004
 -13.3657  -15.1195
 -13.3242  -15.2384
 -13.2906  -15.3864
 -13.2845  -15.4947
 -13.2703  -15.5951
 -13.2559  -15.7376
 -13.2418  -15.8247
 -13.2222  -15.9169
 -13.2054  -15.9907
 -13.1858  -16.0749
 -13.1717  -16.1644
 -13.4219  -16.2632
 -13.7242  -16.3201
 -13.8931  -16.3447
 -14.0783  -16.3720
 -14.2799  -16.3941
 -14.3588  -16.4156
 -14.4024  -16.4185
 -14.4018  -16.5289
 -14.3877  -16.6051
 -14.3651  -16.7416
 -14.3398  -16.8754
 -14.3147  -16.9697
 -14.2815  -17.0587
 -14.2672  -17.1845
 -14.2668  -17.2447
 -14.2499  -17.3468
 -14.1682  -17.3280
 -14.1294  -17.4377
 -14.1397  -17.5477
 -14.1283  -17.6260
 -14.1062  -17.6860
 -13.9455  -17.6512
 -13.8284  -17.6375
 -13.7767  -17.6294
 -13.7462  -17.7103
 -13.7349  -17.7886
 -13.7127  -17.8407
 -13.4324  -17.7635
 -13.2800  -17.7156
 -13.1274  -17.7070
 -13.0267  -17.6777
 -12.9423  -17.6590
 -12.9036  -17.7476
 -12.8948  -17.8703
 -12.8747  -18.0450
 -12.8439  -18.1908
 -12.8240  -18.3313
 -12.8125  -18.4250
 -12.7899  -18.5601
 -12.7785  -18.6432
 -12.0284  -19.1893
 -11.9976  -19.3393
 -11.9531  -19.4916
 -11.9467  -19.6466
 -11.9460  -19.7680
 -11.8990  -19.8916
 -11.8738  -20.0023
 -11.8680  -20.0512
 -11.8077  -20.1153
 -11.7391  -20.1896
 -11.6977  -20.2871
 -11.6809  -20.3565
 -11.6341  -20.4308
 -11.5983  -20.4922
 -11.5788  -20.5640
 -11.5704  -20.6076
 -11.6272  -20.6746
 -11.6705  -20.7416
 -11.6235  -20.8464
 -11.5710  -20.9691
 -11.5185  -21.0866
 -11.4936  -21.1453
 -11.4770  -21.1989
 -11.5722  -21.2300
 -11.6647  -21.2663
 -11.7545  -21.2821
 -11.8824  -21.3211
 -11.8600  -21.4180
 -11.8292  -21.5658
 -11.7764  -21.7286
 -11.7403  -21.8456
 -11.7124  -21.9472
 -11.6958  -21.9878
 -11.6600  -22.0562
 -11.8480  -22.0750
 -11.9188  -22.0830
 -11.9238  -22.1617
 -11.9235  -22.2074
 -12.0761  -22.2184
 -12.3322  -22.2400
 -12.5173  -22.2841
 -12.7243  -22.3206
 -12.8087  -22.3312
 -12.8714  -22.3442
 -12.8600  -22.4177
 -12.8406  -22.4809
 -12.8238  -22.5518
 -12.8071  -22.6023
 -12.9761  -22.6133
 -13.1641  -22.6320
 -13.3766  -22.6558
 -13.5427  -22.6769
 -13.6597  -22.7180
 -13.6815  -22.7257
 -13.6453  -22.8392
 -13.6093  -22.9376
 -13.5954  -22.9930
 -13.5703  -23.0787
 -13.5452  -23.1769
 -13.5063  -23.3077
 -13.4727  -23.4560
 -13.4475  -23.5639
 -13.4332  -23.6643
 -13.4135  -23.7772
 -13.4022  -23.8423
 -13.3851  -23.9575
 -13.2899  -23.9220
 -13.2401  -24.0570
 -13.1929  -24.1868
 -13.1650  -24.3067
 -13.1593  -24.3391
 -13.1427  -24.3890
 -13.2379  -24.4194
 -13.3086  -24.4422
 -13.3930  -24.4576
 -13.4910  -24.4881
 -13.4632  -24.5727
 -13.4629  -24.6325
 -13.4434  -24.6897
 -13.4102  -24.7742
 -13.3962  -24.8364
 -13.3796  -24.8810
 -13.4613  -24.8939
 -13.6299  -24.9594
 -13.6818  -24.9497
 -13.7689  -24.9700
 -13.8015  -24.9776
 -13.7876  -25.0198
 -13.7516  -25.1164
 -13.7155  -25.2229
 -13.6821  -25.3368
 -13.6654  -25.3961
 -13.6432  -25.4604
 -13.6126  -25.5617
 -13.5932  -25.6135
 -13.5656  -25.6726
 -13.6691  -25.6880
 -13.7699  -25.6959
 -13.8516  -25.7086
 -13.9115  -25.7188
 -13.9931  -25.7464
 -13.8909  -25.9777
 -13.8797  -26.0245
 -13.8653  -26.1401
 -13.8347  -26.2457
 -13.8261  -26.3218
 -13.8008  -26.4396
 -13.7869  -26.4910
 -13.7647  -26.5498
 -13.7508  -26.5889
 -13.7315  -26.6329
 -13.6442  -26.6325
 -13.6084  -26.6985
 -13.5750  -26.8060
 -13.5636  -26.8939
 -13.5083  -27.0256
 -13.4749  -27.1303
 -13.4390  -27.1984
 -13.4197  -27.2373
 -13.4410  -27.3178
 -13.4841  -27.4081
 -13.5029  -27.4593
 -13.4338  -27.6023
 -13.4006  -27.6895
 -13.3839  -27.7355
 -13.3562  -27.8130
 -13.2625  -27.9772
 -13.2484  -28.0425
 -13.2346  -28.0835
 -13.2124  -28.1390
 -13.1985  -28.1824
 -13.1791  -28.2306
 -13.1707  -28.2716
 -13.0290  -28.2685
 -12.8819  -28.2388
 -12.7540  -28.2141
 -12.6722  -28.2185
 -12.6330  -28.3727
 -12.5915  -28.4761
 -12.5744  -28.5868
 -12.5385  -28.6660
 -12.5026  -28.7403
 -12.4778  -28.7835
 -12.6384  -28.8299
 -12.7910  -28.8330
 -12.9134  -28.8696
 -13.0060  -28.8868
 -13.0904  -28.9088
 -13.1747  -28.9428
 -13.1855  -28.9477
 -13.0998  -29.1485
 -13.2359  -29.1850
 -13.3339  -29.1998
 -13.4210  -29.2266
 -13.5298  -29.2653
 -13.6141  -29.2849
 -13.6904  -29.3020
 -13.8181  -29.3575
 -13.8182  -29.3504
 -13.8041  -29.4195
 -13.7765  -29.4790
 -13.7570  -29.5481
 -13.7266  -29.6075
 -13.7155  -29.6408
 -13.7071  -29.6693
 -13.6905  -29.7145
 -13.7752  -29.2546
 -13.8554  -29.7869
 -13.8280  -29.8700
 -13.8003  -30.0052
 -13.7892  -30.1047
 -13.7725  -30.2184
 -13.7585  -30.3437
 -13.7502  -30.3980
 -13.7337  -30.4735
 -13.7199  -30.5396
 -13.7115  -30.5867
 -13.7060  -30.6315
 -13.5479  -30.6477
 -13.5149  -30.7442
 -13.4847  -30.8382
 -13.4654  -30.9251
 -13.4570  -30.9885
 -13.4323  -31.0565
 -13.3966  -31.1409
 -13.3801  -31.2088
 -13.3691  -31.2626
 -13.3580  -31.3070
 -13.5159  -31.3635
 -13.5156  -31.4710
 -13.5045  -31.5340
 -13.4226  -31.6015
 -13.3868  -31.7250
 -13.3457  -31.8296
 -13.3154  -31.9319
 -13.3043  -32.0062
 -13.3040  -32.1037
 -13.5164  -32.1574
 -13.7479  -32.2112
 -13.8868  -32.2346
 -14.0420  -32.2697
 -14.1809  -32.3070
 -14.2789  -32.3419
 -14.3334  -32.3582
 -14.3057  -32.4991
 -14.5862  -32.5897
 -14.5283  -32.8039
 -14.3691  -33.2146
 -14.3608  -33.2741
 -14.3360  -33.3518
 -14.3086  -33.4181
 -14.2894  -33.4660
 -14.2783  -33.5139
 -14.3764  -33.5392
 -14.4853  -33.5668
 -14.5670  -33.5966
 -14.6378  -33.6105
 -14.6158  -33.6833
 -14.5883  -33.7653
 -14.5553  -33.8653
 -14.5278  -33.9311
 -14.5004  -33.9946
 -14.4921  -34.0309
 -14.4784  -34.0831
 -14.4702  -34.0944
 -14.5982  -34.1082
 -14.7534  -34.1448
 -14.8678  -34.1677
 -14.9904  -34.1883
 -15.0775  -34.2134
 -15.1456  -34.2294
 -15.1755  -34.2385
 -15.1671  -34.3154
 -15.1369  -34.4170
 -15.1066  -34.5072
 -15.0874  -34.5658
 -15.0654  -34.6356
 -15.0434  -34.6874
 -15.0297  -34.7279
 -15.2421  -34.7935
 -15.2036  -34.8945
 -15.1925  -34.9686
 -15.1348  -35.1276
 -15.0773  -35.2237
 -15.0690  -35.2572
 -15.2760  -35.2911
 -15.4857  -35.3295
 -15.6301  -35.3454
 -15.8235  -35.3793
 -15.9706  -35.4019
 -16.1367  -35.4267
 -16.2811  -35.4382
 -16.4392  -35.4429
 -16.5754  -35.4432
 -16.7307  -35.4636
 -16.9105  -35.4973
 -17.0303  -35.5199
 -17.1828  -35.5402
 -17.3463  -35.5650
 -17.4770  -35.5764
 -17.6269  -35.5878
 -17.7413  -35.6014
 -17.8639  -35.6150
 -17.8472  -35.7261
 -17.8306  -35.8016
 -17.8249  -35.8837
 -17.8112  -35.9369
 -17.8002  -35.9612
 -17.7919  -35.9900
 -17.6367  -35.9676
 -17.6256  -36.0207
 -17.6063  -36.0826
 -17.5925  -36.1732
 -17.5813  -36.2461
 -17.5703  -36.2814
 -17.5566  -36.3321
 -17.4613  -36.2834
 -17.4285  -36.3318
 -17.4091  -36.4221
 -17.3980  -36.5058
 -17.3924  -36.5585
 -17.3868  -36.5937
 -17.3785  -36.6486
 -17.3587  -36.8875
 -17.3312  -36.9662
 -17.3309  -37.0689
 -17.3199  -37.1278
 -17.2951  -37.2019
 -17.2868  -37.2542
 -17.2730  -37.2999
 -17.2593  -37.3304
 -17.5316  -37.4027
 -17.5096  -37.4591
 -17.4931  -37.5264
 -17.4900  -37.6327
 -17.4788  -37.7517
 -17.4457  -37.8727
 -17.4210  -37.9396
 -17.4045  -37.9957
 -17.3989  -38.0345
 -17.3824  -38.0905
 -17.1754  -38.0491
 -17.1396  -38.1718
 -17.1148  -38.2621
 -17.1010  -38.3071
 -17.0790  -38.3715
 -17.0735  -38.3993
 -17.0734  -38.4229
 -16.8391  -38.4053
 -16.5449  -38.3726
 -16.4305  -38.3617
 -16.3835  -38.5737
 -16.1166  -38.5454
 -16.1000  -38.6052
 -16.0726  -38.6650
 -16.0342  -38.7568
 -16.0012  -38.8356
 -15.9518  -38.9505
 -15.9244  -39.0185
 -15.9079  -39.0653
 -15.8886  -39.1310
 -15.8639  -39.1755
 -16.0518  -39.2331
 -16.0298  -39.2861
 -16.0051  -39.3664
 -15.9913  -39.4256
 -15.9830  -39.4594
 -15.9719  -39.5058
 -15.9664  -39.5312
 -15.9990  -39.5629
 -15.9549  -39.7439
 -16.1918  -39.7801
 -16.3607  -39.8120
 -16.5132  -39.8312
 -16.5513  -39.8396
 -16.5101  -39.9466
 -16.4853  -40.0597
 -16.4632  -40.1434
 -16.4494  -40.2061
 -16.4246  -40.2854
 -16.5880  -40.3128
 -16.7160  -40.3402
 -16.8630  -40.3842
 -16.8104  -40.6461
 -16.7528  -40.7787
 -16.8289  -40.8348
 -16.7819  -41.0579
 -16.7626  -41.1382
 -16.7570  -41.1835
 -16.7514  -41.2205
 -16.7023  -41.2369
 -16.6310  -41.3662
 -16.6308  -41.4463
 -16.6170  -41.4995
 -16.5950  -41.5548
 -16.5051  -41.5546
 -16.4805  -41.5853
 -16.4503  -41.6527
 -16.4337  -41.7099
 -16.4200  -41.7547
 -16.2565  -41.7340
 -16.2044  -41.8380
 -16.1988  -41.9092
 -16.1850  -41.9662
 -16.1437  -42.0941
 -16.1298  -42.1651
 -16.1188  -42.2157
 -16.0995  -42.2582
 -16.0315  -42.2399
 -15.9573  -42.4358
 -16.1669  -42.4967
 -16.1175  -42.6115
 -16.1009  -42.6698
 -16.0762  -42.7441
 -16.0652  -42.7722
 -16.0460  -42.8063
 -16.1303  -42.8586
 -16.1684  -42.8687
 -16.1655  -42.9168
 -16.1544  -42.9828
 -16.3179  -43.0011
 -16.2987  -43.0451
 -16.2548  -43.1209
 -16.2055  -43.2026
 -16.1835  -43.2603
 -16.1643  -43.3081
 -16.1450  -43.3637
 -16.2322  -43.3798
 -16.2181  -43.5049
 -16.1824  -43.5861
 -16.1605  -43.6355
 -16.1412  -43.6968
 -16.1302  -43.7324
 -16.1518  -43.7838
 -16.1324  -43.8922
 -16.0939  -43.9808
 -16.0801  -44.0397
 -16.0580  -44.1359
 -16.0415  -44.1928
 -16.0111  -44.3064
 -15.9974  -44.3337
 -15.9590  -44.4138
 -15.7760  -44.5189
 -15.6177  -44.5926
 -15.4703  -44.6683
 -15.3475  -44.7477
 -15.3467  -44.9822
 -15.2185  -45.0129
 -15.1363  -45.1344
 -15.0841  -45.2827
 -15.0594  -45.3249
 -14.8083  -45.4263
 -14.7510  -45.4492
 -14.6659  -45.6425
 -14.6165  -45.7360
 -14.5727  -45.8103
 -14.5343  -45.8655
 -14.2183  -45.8573
 -14.1196  -46.0207
 -14.0295  -46.0661
 -13.8959  -46.1075
 -13.7977  -46.1263
 -13.6832  -46.1508
 -13.5986  -46.1620
 -13.5195  -46.1959
 -13.4617  -46.3508
 -13.4314  -46.4544
 -13.4176  -46.5165
 -13.4011  -46.5522
 -13.5123  -46.6988
 -13.5339  -46.7513
 -13.4955  -46.8318
 -13.4707  -46.9102
 -13.4514  -46.9755
 -13.4267  -47.0351
 -13.3991  -47.1226
 -13.3826  -47.1672
 -13.3743  -47.1913
 -13.3579  -47.2265
 -13.4747  -47.3380
 -13.3812  -47.5560
 -13.0762  -47.5038
 -12.5561  -47.4143
 -12.3137  -47.3694
 -12.1067  -47.3321
 -11.8480  -47.2779
 -11.6029  -47.2293
 -11.4396  -47.1900
 -11.2300  -47.1302
 -11.1210  -47.1058
 -11.0279  -47.2376
 -10.1126  -47.9184
 -10.0412  -48.0920
  -9.9836  -48.1776
  -9.9507  -48.2595
 -10.0239  -48.3505
 -10.1054  -48.4360
 -10.1515  -48.4795
 -10.1759  -48.5067
 -10.0689  -48.7162
 -10.0113  -48.8278
  -9.9810  -48.9212
  -9.9451  -49.0538
  -9.8875  -49.1432
  -9.8627  -49.2200
  -9.3671  -49.1388
  -9.1111  -49.0866
  -8.8687  -49.0504
  -8.5937  -48.9800
  -8.4711  -48.9691
  -8.3867  -48.9618
  -8.2828  -49.0441
  -8.1653  -49.1530
  -8.0586  -49.2529
  -7.9519  -49.3721
  -7.8807  -49.4697
  -7.8532  -49.5318
  -8.0792  -49.5977
  -8.0105  -49.7338
  -7.9639  -49.8326
  -7.8981  -49.9381
  -7.8624  -50.0136
  -7.8267  -50.0750
  -7.8021  -50.1065
  -7.7856  -50.1363
  -7.5622  -50.1219
  -7.3307  -50.0918
  -7.1754  -50.0880
  -7.1100  -50.0844
  -7.0907  -50.1405
  -7.0358  -50.2383
  -7.0083  -50.3082
  -6.9782  -50.3569
  -6.9507  -50.4040
  -6.9343  -50.4370
  -6.6974  -50.3931
  -6.4496  -50.3439
> 9318 SOUTH ATLANTIC RIDGE                              
  -6.4496  -50.3439
  -4.2467  -52.0478
  -3.9533  -51.9819
  -2.3667  -54.3296
  -1.3867  -54.0559
  -0.4400  -54.8700
> 9401 CARLSBERG RIDGE, NORTHWEST INDIAN OCEAN           
  58.3529   12.7844
  58.2118   12.3710
  58.1059   12.0605
  57.8941   11.6460
  57.7529   11.3694
  57.5765   11.1271
  57.4000   10.8499
  57.2235   10.6418
  57.1176   10.4336
  56.9412   10.3295
  56.6941   10.1211
  56.9059    9.9821
  57.1529    9.8778
  57.4000    9.9473
  57.6471    9.9473
  57.8235    9.8430
  58.1059    9.7039
  58.1059    9.5647
  58.0706    9.3906
  58.1412    9.2513
  58.2471    9.2165
  58.4588    9.1120
  58.4235    8.9725
  58.4235    8.7982
  58.3882    8.5539
  58.6353    8.3096
  58.7765    8.1698
  58.9882    8.0650
  59.1294    8.0650
  59.3412    8.0650
  59.5529    7.8903
  59.7647    7.7504
  59.6235    7.5055
  59.5882    7.3305
  59.7294    7.1905
  59.9765    7.1204
  60.1176    6.9453
  60.2588    6.7701
  60.4000    6.5598
  60.5765    6.3844
  60.8588    6.2090
  60.9294    6.1037
  61.2118    5.8931
  61.4235    5.7878
  61.6353    5.6473
  61.5647    5.3663
  61.7412    5.3311
  61.9529    5.3311
  62.1294    5.2257
  62.1647    5.0148
  62.2000    4.7686
  62.3765    4.6279
  62.5176    4.5576
  62.5529    4.3464
  62.7294    4.2056
  62.9412    4.0296
  63.1529    3.9240
  63.3294    3.9240
  63.5059    3.8184
  63.7176    3.7831
  63.9647    3.7479
  64.1059    3.7127
  64.2824    3.6423
  64.4588    3.4661
  64.6000    3.3604
  64.7412    3.2547
  65.0588    3.0433
  65.2000    2.9376
  65.4118    3.0433
  65.7294    3.0785
  65.9412    3.0433
  66.0471    2.9023
  66.2235    2.7613
  66.4000    2.6555
  66.6118    2.5145
  66.7176    2.3382
  66.7882    2.1619
  66.7176    1.9502
  66.7176    1.7386
  66.6824    1.6680
  66.8588    1.4916
  67.0353    1.3858
  67.1412    1.2446
  67.2471    1.0682
  67.3529    0.9270
  67.2471    0.8565
  67.1412    0.6800
  67.0353    0.5035
  66.9294    0.3977
  67.0706    0.2212
  67.2471    0.1153
  67.1412   -0.0965
  67.0353   -0.3082
  67.0706   -0.4494
  67.2471   -0.5200
  67.3882   -0.5553
  67.3882   -0.7317
  67.6706   -0.9082
  67.4235   -1.3316
  67.6706   -1.5080
  67.8118   -1.6492
  68.0235   -1.7550
  67.9882   -2.0019
  68.2353   -2.1430
  68.1294   -2.3899
  67.9882   -2.6367
  68.2706   -2.8835
  68.1647   -3.0245
  68.0235   -3.2007
  68.2353   -3.3768
  68.3765   -3.4825
  68.5529   -3.5530
  68.6941   -3.6234
> 9401 CENTRAL INDIAN OCEAN RIDGE                        
  68.6941   -3.6234
  68.4824   -3.8348
  68.2706   -4.0108
  68.4118   -4.1516
  68.5529   -4.2572
  68.6941   -4.4684
  68.5882   -4.6795
  68.4471   -4.8202
  68.5882   -4.9608
  68.6235   -5.0663
  68.6588   -5.2069
  68.7294   -5.3124
  68.5882   -5.5232
  68.3765   -5.7339
  68.0235   -6.0148
  68.1647   -6.1552
  68.3059   -6.3306
  68.5176   -6.4709
  68.3765   -6.6813
  68.2000   -6.8215
  67.9176   -7.1017
  68.2706   -7.3468
  68.1294   -7.5568
  67.9176   -7.8016
  68.0588   -7.9415
  68.2353   -8.0813
  68.3059   -8.1861
  68.1294   -8.3957
  67.8824   -8.6051
  67.6000   -8.8144
  67.3882   -8.9539
  67.1765   -9.0933
  66.9294   -9.2675
  66.6118   -9.5461
  66.7529   -9.6853
  66.8588   -9.7896
  66.7176   -9.9635
  66.5059  -10.1025
  66.2941  -10.3109
  66.4353  -10.4845
  66.6118  -10.6233
  66.7529  -10.7967
  66.6118  -10.9700
  66.4000  -11.1086
  66.2941  -11.2817
  66.4353  -11.5238
  66.2235  -11.7313
  66.0471  -11.8349
  65.8000  -12.0076
  65.6235  -12.1111
  65.7294  -12.2491
  65.8353  -12.3870
  66.0471  -12.4560
  66.1176  -12.6282
  66.2235  -12.7315
  66.3647  -12.7660
  66.5412  -13.0412
  66.6471  -13.1443
  66.7882  -13.3161
  66.5059  -13.4191
  66.3647  -13.5907
  66.2235  -13.6936
  66.0118  -13.7965
  66.0471  -14.0020
  66.1529  -14.2416
  66.1529  -14.3442
  66.2588  -14.4810
  66.4353  -14.7542
  66.6471  -14.7542
  66.7882  -14.8224
  66.8941  -15.0270
  67.0000  -15.0952
  67.1412  -15.2315
  67.2471  -15.3676
  67.2471  -15.5037
  67.1412  -15.6397
  67.2824  -15.7756
  67.3882  -15.9454
  67.4235  -16.0132
  67.2471  -16.1150
  67.0000  -16.2844
  66.7529  -16.3861
  66.5412  -16.5214
  66.6824  -16.7582
  66.8941  -16.9271
  66.6118  -17.1295
  66.3647  -17.2644
  66.1529  -17.3992
  65.9412  -17.5338
  65.7294  -17.6684
  65.4824  -17.7357
  65.3412  -17.8029
  65.1647  -17.9708
  65.1294  -18.0379
  65.2353  -18.1721
  65.3412  -18.3397
  65.4118  -18.5071
  65.4824  -18.7078
  65.5882  -18.9751
  65.6941  -19.2085
  65.8353  -19.3751
  65.9412  -19.5747
  66.0471  -19.7741
  66.1882  -19.9401
  66.2588  -20.0396
  66.3647  -20.1722
  66.6118  -20.1391
  66.7882  -20.0396
  66.8588  -20.1391
  66.9647  -20.3708
  67.2471  -20.2716
  67.3882  -20.1722
  67.6000  -20.0728
  67.7412  -20.3378
  67.8118  -20.3708
  68.0588  -20.3047
  68.1294  -20.4370
  68.2000  -20.5362
  68.3412  -20.6353
  68.4118  -20.8004
  68.5882  -20.7344
  68.7647  -20.9982
  68.6235  -21.1299
  68.6941  -21.2945
  68.8000  -21.4259
  68.8353  -21.6229
  68.9765  -21.6557
  69.0824  -21.7869
  69.0824  -21.9507
  69.1882  -22.0161
  69.1529  -22.1796
  69.0824  -22.3103
  69.2588  -22.4408
  69.3647  -22.4735
  69.4706  -22.6690
  69.2588  -22.7667
  69.1529  -22.8643
  69.2235  -23.0593
  69.1529  -23.2540
  69.2588  -23.3836
  69.4000  -23.5131
  69.5412  -23.6748
  69.5412  -23.8364
  69.5765  -23.9654
  69.6471  -24.0944
  69.7176  -24.2232
  69.8941  -24.3197
  70.0000  -24.4483
  70.0353  -24.5125
  69.8941  -24.6409
  69.8235  -24.7051
  69.8941  -24.8653
  70.0706  -24.9933
  70.1765  -25.0892
  70.0353  -25.1851
  69.9647  -25.2809
  70.0000  -25.4085
  70.0000  -25.5678
> 9201 EQUATORIAL ATLANTIC RIDGE (CANDE ET AL. 1988)     
 -45.1254   15.2648
 -45.1449   14.0220
 -45.0602   13.9966
 -45.0342   12.6829
 -44.2592   12.6317
 -44.2787   12.1062
 -43.8880   12.0870
 -43.9205   10.9245
 -41.0876   10.7893
 -41.0811    9.9769