 69.9196092  -25.608969
 69.2037927  -25.936023
 68.1670928  -26.330956
 67.4821304  -26.738231
 67.0995388  -27.040602
 66.9761222  -27.219556
 66.4454306  -27.410852
 66.2171098  -27.546610
 65.5568308  -27.707052
 65.0940184  -27.886006
 64.8039892  -27.935373
 64.3967143  -27.923031
 64.0141227  -27.818127
 63.8289977  -27.799614
 63.6808978  -27.910689
 63.5204561  -28.027935
 63.1748895  -28.126668
 62.7922979  -28.268597
 62.5269521  -28.385843
 62.2060688  -28.509260
 61.8234772  -28.836314
 61.3791773  -28.990585
 61.0521232  -29.114002
 60.8731691  -29.317639
 60.7312399  -29.607668
 60.7127274  -29.984089
 60.6633608  -30.255605
 60.3548192  -30.428389
 60.0524484  -30.471585
 59.8796651  -30.490097
 59.4291943  -30.780126
 59.0651152  -31.033130
 58.8306236  -31.138034
 58.6331570  -31.156547
 58.4233487  -31.199743
 58.3863237  -31.619359
 57.9667071  -31.687239
 57.5285780  -31.779801
 57.2138655  -31.860022
 57.0410822  -31.890876
 57.0040572  -33.705101
 56.6214656  -33.674247
 56.4239990  -33.723613
 56.0660907  -33.785322
 55.9056491  -33.803834
 55.7760616  -33.995130
 55.4860325  -34.241963
 55.4304950  -34.359209
 55.0170492  -34.383892
 54.6591410  -34.698605
 54.5480660  -34.747971
 54.3074035  -34.754142
 54.1716452  -34.784996
 54.1037661  -35.309517
 53.4064620  -35.469959
 53.4126328  -36.019163
 53.3941203  -36.278338
 52.9189663  -36.117896
 52.7400121  -36.117896
 52.3944455  -36.198117
 52.3265664  -37.129913
 52.1908080  -37.315038
 52.0982456  -37.339721
 51.5922373  -37.364404
 50.9689833  -37.475479
 50.3642417  -37.654433
 49.8212084  -37.734654
 49.1794419  -37.895096
 48.5315045  -38.104904
 47.6182213  -38.715817
 46.4272507  -38.820721
 46.2729799  -38.925625
 46.1989299  -39.116921
 46.1248799  -39.826566
 45.9952924  -40.085741
 45.7422883  -40.135108
 45.2979884  -40.098083
 45.1745717  -40.344916
 44.5821718  -40.690483
 44.4093885  -40.887950
 44.3291677  -40.961999
 43.8231595  -41.005195
 43.2307596  -41.005195
 42.8543388  -40.857095
 42.3545014  -42.862616
 41.8238098  -42.763883
 41.8471218  -42.772110
 41.4768719  -43.903430
 40.4758258  -43.896573
 40.3524091  -43.444045
 39.3993584  -43.320629
 39.0908168  -44.184545
 38.4668770  -44.109124
 37.7743725  -44.582221
 37.3012754  -44.623360
 36.4784978  -44.890763
 35.4980211  -44.739920
 34.7643777  -46.220920
 33.9484565  -46.056364
 33.4342205  -47.345383
 32.2694361  -47.027725
 29.6779626  -50.131637
 27.7453383  -52.957368
 26.7204618  -52.818277
 26.7643850  -52.576699
 25.8639578  -52.437609
 25.0733388  -53.601576
 24.7439142  -53.462485
 24.1582704  -53.433203
 22.9357392  -53.257510
 22.2695694  -53.015932
 21.1202436  -52.964688
 19.7732630  -52.898803
 18.4116413  -52.679187
 16.3545677  -52.342442
 15.2711268  -52.261916
 14.8904584  -52.335121
 14.4292640  -52.203351
 11.7572645  -52.759713
 10.9886071  -52.832918
 10.1760264  -52.950047
  9.9564100  -52.884162
  9.1218677  -53.367318
  8.4117747  -53.974924
  8.0896706  -54.253104
  7.6357967  -54.018847
  7.3356543  -54.179899
  6.7426900  -53.843154
  5.5274793  -54.567888
  4.8320274  -54.165258
  4.4147562  -54.384874
  3.7778686  -53.901718
  3.5875344  -53.835833
  2.8481592  -53.799230
  1.7281156  -54.406836
  0.9082144  -54.889992
  0.5984817  -55.037973
  0.2804812  -55.306166
 -0.0183626  -55.497733
